[0.44610484 2.17400476],0
[ 2.37440229 -2.13786616],0
[-1.09205116  1.24737606],0
[-0.33275569 -1.23532401],0
[ 0.53114465 -0.13665873],0
[2.05259321 0.38385976],0
[ 0.99147315 -0.57422948],0
[1.17610732 0.57698736],0
[2.31778563 0.37237758],0
[-0.0515952  -3.45863723],0
[-0.28270164 -0.19674461],0
[-1.64373113 -1.03617138],0
[-1.10391109  0.32691714],0
[-0.14533977 -0.91609985],0
[-0.54654625 -0.16036075],0
[0.22877445 0.52439982],0
[-0.65369907 -0.83775549],0
[0.98344368 1.07241132],0
[-0.96874396  0.53032489],0
[ 0.47879099 -0.44878498],0
[-2.32436685  0.10908039],0
[-0.8047606  -0.32149738],0
[ 0.66202484 -0.76190553],0
[-0.0686227  -1.07222642],0
[-0.67620404 -0.10371064],0
[-0.16786292  0.76698572],0
[0.0206072  0.25783052],0
[-1.61067816 -0.72826596],0
[0.96978948 0.16619496],0
[ 0.48482882 -1.10641766],0
[ 1.10921161 -0.46767988],0
[-2.63405827 -0.2243296 ],0
[ 0.42554245 -0.8099961 ],0
[-0.63761542  0.55678202],0
[-2.6477141  -0.31868167],0
[ 0.10530304 -0.15080777],0
[ 0.20928293 -0.15682668],0
[-1.50520308 -0.75208907],0
[-0.00107107 -0.5328034 ],0
[-1.07272265 -0.62210936],0
[0.19060111 0.74231773],0
[2.09072299 0.10552909],0
[-1.69964887  1.5509233 ],0
[-2.25468704  0.3250961 ],0
[ 1.04384535 -1.5515495 ],0
[ 1.28125361 -0.69845409],0
[ 0.47514611 -1.03770622],0
[1.03968131 1.58331935],0
[ 0.0526501  -1.73717968],0
[0.83663631 1.64635844],0
[ 5.29779881 -4.93056637],1
[ 5.10019016 -2.31366814],1
[6.83902401 5.28614297],1
[4.60102969 4.2862233 ],1
[ 6.25762435 -0.8822536 ],1
[6.06664589 1.82960116],1
[4.29929044 2.78169618],1
[5.51653165 9.10216088],1
[4.54913283 7.45171937],1
[4.83120586 4.75250849],1
[5.39640931 5.78422428],1
[3.32197773 4.02571157],1
[5.04757271 4.5662356 ],1
[ 6.06059399 -0.18247015],1
[3.46059762 5.32795615],1
[5.72026113 4.04537187],1
[ 3.57653916 -2.13055882],1
[4.78471298 5.6518044 ],1
[4.49549863 5.43995257],1
[5.83950253 7.90706383],1
[4.35856248 5.25063289],1
[5.58838618 1.40538535],1
[5.55965084 1.87727378],1
[5.16421556 5.33752117],1
[3.78581886 4.49322283],1
[5.11466061 4.64509922],1
[5.90801926 6.50290968],1
[4.84901246 9.27249423],1
[4.9505727  6.06612486],1
[5.78444256 8.02690509],1
[5.37554751 3.26793619],1
[3.16213112 8.35153237],1
[7.54694046 7.46543024],1
[ 3.10154962 -0.6185392 ],1
[5.56798237 7.27034757],1
[5.77097772 1.37050379],1
[5.84771436 3.26611169],1
[4.33413088 6.80432157],1
[3.77561945 1.58764981],1
[ 4.76245813 11.05157623],1
[6.49744196 6.40555377],1
[6.46777809 5.78996084],1
[ 3.3037489  -1.40286765],1
[4.3655742  8.77563427],1
[5.17167666 4.80867992],1
[3.8540261  9.49574303],1
[4.62893304 3.53868468],1
[ 5.43431039 10.38207585],1
[4.82265979 3.12691696],1
[4.75274286 5.02259462],1
[0.11988684 2.4635438 ],2
[-3.08320141  5.41653908],2
[1.49250933 6.78438161],2
[-1.92396156  5.47957751],2
[0.53214922 4.22769456],2
[-2.22715373  4.35924494],2
[-1.5070112   5.30089177],2
[0.35841858 2.20324653],2
[-2.38617137  4.17221277],2
[-1.03180857  4.85403698],2
[0.80798911 2.3651367 ],2
[-2.48019653  4.26984438],2
[0.10548306 5.57035723],2
[3.30974453 4.68787717],2
[-2.20356901  5.58720709],2
[2.48577996 4.12714638],2
[-0.80996482  5.12863247],2
[-0.66887528  4.62127022],2
[-3.1017232   3.25685115],2
[0.56487346 5.36130142],2
